1 0 0 0 0 
0.748148 0.251852 0 0 0 
0 0.657029 0.342971 0 0 
0 0 0.745847 0.254153 0 
0 0 0 0.861299 0.138701 
0 0 0 0 1 
1e-030 1e-030 1e-030 1e-030 1e-030 1e-030 1e-030 1e-030 0.281868 0.322723 0.215505 0.153006 1e-030 1e-030 1e-030 1e-030 1e-030 1e-030 1e-030 1e-030 0.0268979 1e-030 1e-030 1e-030 1e-030 1e-030 1e-030 1e-030 1e-030 1e-030 1e-030 1e-030 
1e-030 1e-030 1e-030 1e-030 1e-030 1e-030 1e-030 1e-030 0.0707537 0.138452 0.15071 0.0851899 1e-030 1e-030 1e-030 1e-030 1e-030 1e-030 1e-030 0.326571 0.158449 1e-030 0.0505527 1e-030 1e-030 1e-030 0.00821186 1e-030 0.0111111 1.92588e-021 1e-030 1e-030 
1e-030 1e-030 1e-030 1e-030 1e-030 1e-030 1e-030 1e-030 8.64047e-005 1e-030 0.00416667 0.00646646 1e-030 1e-030 1e-030 1e-030 1e-030 0.0344444 0.0217949 0.192918 0.00833333 1e-030 0.0255614 1e-030 1e-030 0.144874 0.0401604 0.0344444 0.439955 0.0194444 1e-030 0.0273504 
1e-030 1e-030 1e-030 1e-030 1e-030 1e-030 1e-030 1e-030 1e-030 0.0047619 1e-030 1e-030 1e-030 1e-030 1e-030 1e-030 1e-030 1e-030 1e-030 1e-030 1e-030 0.0037037 0.0144841 0.00333333 0.677751 0.292632 1e-030 1e-030 0.00333333 1.26222e-030 1e-030 1e-030 
1e-030 1e-030 1e-030 1e-030 1e-030 1e-030 1e-030 1e-030 0.0399926 0.092386 0.0538543 0.0575724 0.194383 0.00824074 0.202049 0.389723 1e-030 1e-030 1e-030 1e-030 0.0214613 1e-030 0.00208333 0.00196078 1e-030 1e-030 1e-030 1e-030 2.36532e-029 1e-030 1e-030 1e-030 
1 0 0 0 0 
0.682818 0.317182 0 0 0 
0 0.820028 0.179972 0 0 
0 0 0.654146 0.345854 0 
0 0 0 0.829202 0.170798 
0 0 0 0 1 
1e-030 1e-030 1e-030 1e-030 1e-030 1e-030 1e-030 1e-030 0.226985 0.28518 0.178778 0.230418 1e-030 1e-030 1e-030 1e-030 1e-030 1e-030 1e-030 1e-030 0.0786396 1e-030 1e-030 1e-030 1e-030 1e-030 1e-030 1e-030 1e-030 1e-030 1e-030 1e-030 
1e-030 1e-030 1e-030 1e-030 1e-030 1e-030 1e-030 1e-030 0.167774 0.22179 0.216203 0.220894 1e-030 1e-030 1e-030 1e-030 0.00952561 1e-030 0.0328849 0.0837817 0.0200189 1e-030 0.0176034 1e-030 1e-030 1e-030 1e-030 1e-030 0.00952368 1e-030 1e-030 1e-030 
1e-030 1e-030 1e-030 1e-030 1e-030 1e-030 1e-030 1e-030 0.0348939 0.0416132 0.00275058 1e-030 1e-030 1e-030 1e-030 1e-030 0.0235934 0.0996006 0.0737818 0.296617 0.0911296 1e-030 0.146746 1e-030 0.00844757 1e-030 1e-030 1e-030 0.180826 1e-030 1e-030 1e-030 
1e-030 1e-030 1e-030 1e-030 1e-030 1e-030 1e-030 1e-030 0.00666667 1e-030 1e-030 1.62522e-011 1e-030 1e-030 1e-030 1e-030 0.267295 0.225092 0.219246 0.0236484 0.0387498 1e-030 0.021295 1e-030 0.0248292 1e-030 1e-030 1e-030 0.173178 1e-030 1e-030 1e-030 
1e-030 1e-030 1e-030 1e-030 1e-030 1e-030 1e-030 1e-030 0.0703437 0.170177 0.125642 0.152522 1e-030 1e-030 1e-030 1e-030 0.0206829 0.152608 0.0626882 0.0274757 0.204472 1e-030 0.0872686 1e-030 1e-030 1e-030 1e-030 1e-030 1e-030 1e-030 1e-030 1e-030 
1 0 0 0 0 
0.793095 0.206905 0 0 0 
0 0.815433 0.184567 0 0 
0 0 0.631601 0.368399 0 
0 0 0 0.867671 0.132329 
0 0 0 0 1 
1e-030 1e-030 1e-030 1e-030 1e-030 1e-030 1e-030 1e-030 0.29954 0.183623 0.186784 0.214878 0.00962026 0.015043 0.0537203 1e-030 1e-030 1e-030 1e-030 1e-030 0.0188423 1e-030 0.0179487 1e-030 1e-030 1e-030 1e-030 1e-030 1e-030 1e-030 1e-030 1e-030 
1e-030 1e-030 1e-030 1e-030 1e-030 1e-030 0.0150131 1e-030 0.0906692 0.125565 0.0763967 0.104244 0.217133 0.162762 0.144824 1e-030 1e-030 1e-030 1e-030 1e-030 0.0454442 1e-030 0.0179487 1e-030 1e-030 1e-030 1e-030 1e-030 1e-030 1e-030 1e-030 1e-030 
1e-030 0.127598 1e-030 0.0277778 0.0110917 0.00557435 0.173893 0.0211594 0.212642 0.110662 0.0783807 0.0809224 1e-030 0.0333333 1e-030 1e-030 0.0333333 1e-030 1e-030 1e-030 0.0780573 1e-030 0.00557435 1e-030 1e-030 1e-030 1e-030 1e-030 1e-030 1e-030 1e-030 1e-030 
0.632153 0.243395 1e-030 0.0135327 0.0444007 0.000311288 1e-030 1e-030 1.09092e-030 1e-030 0.0025641 0.0030303 1e-030 0.0030303 1e-030 1e-030 1e-030 1e-030 1e-030 1e-030 0.00416667 0.0534163 1e-030 1e-030 1e-030 1e-030 1e-030 1e-030 1e-030 1e-030 1e-030 1e-030 
1e-030 1e-030 1e-030 1e-030 0.0047619 0.00898254 1e-030 0.00434174 0.115124 0.198235 0.19134 0.149766 1e-030 1e-030 1e-030 1e-030 1e-030 1e-030 1e-030 1e-030 0.13496 0.238416 0.0127276 0.00416667 0.0025641 1e-030 1e-030 1e-030 1e-030 1e-030 1e-030 1e-030 
1 0 0 0 0 
0.782147 0.217853 0 0 0 
0 0.715678 0.284322 0 0 
0 0 0.783185 0.216815 0 
0 0 0 0.871465 0.128535 
0 0 0 0 1 
1e-030 1e-030 1e-030 1e-030 1e-030 1e-030 1e-030 1e-030 0.228972 0.252257 0.202805 0.205094 0.0237092 1e-030 0.0182835 1e-030 1e-030 1e-030 1e-030 1e-030 0.0688787 1e-030 1e-030 1e-030 1e-030 1e-030 1e-030 1e-030 1e-030 1e-030 1e-030 1e-030 
1e-030 1e-030 1e-030 1e-030 1e-030 1e-030 0.0111111 1e-030 0.144357 0.122889 0.080493 0.0569166 0.283793 0.208987 0.0712059 0.0119129 1e-030 1e-030 1e-030 1e-030 0.00833333 1e-030 1e-030 1e-030 1e-030 1e-030 1e-030 1e-030 1e-030 1e-030 1e-030 1e-030 
1e-030 0.0610905 0.00913363 1e-030 0.0434524 0.0747137 7.55773e-016 1e-030 0.125892 0.200303 0.101411 0.134318 0.103522 0.0872839 0.0190476 1e-030 2.47857e-006 1e-030 0.0127807 1e-030 0.0187153 0.00833333 1e-030 1e-030 1e-030 1e-030 1e-030 1e-030 1e-030 1e-030 1e-030 1e-030 
1e-030 0.0513023 0.344651 0.43058 1.64324e-012 0.00858163 1e-030 1e-030 0.0124514 0.0271153 1e-030 1.12031e-030 1e-030 1e-030 1e-030 1e-030 0.0980698 0.012037 0.00555561 1e-030 0.00965661 1e-030 1e-030 1e-030 1e-030 1e-030 1e-030 1e-030 1e-030 1e-030 1e-030 1e-030 
1e-030 1e-030 0.00906609 0.0305445 1e-030 1e-030 1e-030 1e-030 0.194347 0.256723 0.170696 0.169305 1e-030 1e-030 1e-030 1e-030 0.149895 7.63225e-017 0.0062638 1e-030 0.0734129 0.00494505 0.0062638 1e-030 1e-030 1e-030 1e-030 1e-030 1e-030 1e-030 1e-030 1e-030 
1 0 0 0 0 
0.750002 0.249998 0 0 0 
0 0.638102 0.361898 0 0 
0 0 0.749148 0.250852 0 
0 0 0 0.874553 0.125447 
0 0 0 0 1 
1e-030 1e-030 1e-030 1e-030 1e-030 1e-030 1e-030 1e-030 0.202373 0.197802 0.193301 0.167859 1e-030 1e-030 1e-030 1e-030 1e-030 1e-030 1e-030 0.0427176 0.038035 1e-030 0.00606525 0.0607362 1e-030 1e-030 0.0688889 1e-030 0.00555556 0.0166667 1.00417e-030 1e-030 
1e-030 1e-030 1e-030 1e-030 1e-030 1e-030 1e-030 1e-030 0.0133333 0.0723725 0.0644665 0.0251571 1e-030 1e-030 1e-030 1e-030 1e-030 1e-030 0.0133333 0.204907 0.10347 0.0025641 0.192774 0.172253 0.00227043 0.00151472 0.0556389 0.0220987 0.0025641 0.0401709 0.0111111 1e-030 
1e-030 1e-030 1e-030 1e-030 1e-030 0.00233709 1e-030 0.00475158 1e-030 1e-030 1e-030 0.0301926 1e-030 1e-030 0.0165586 1e-030 1e-030 0.00666667 1e-030 0.0931997 0.0367826 0.0040475 0.0891404 0.148029 0.00953085 0.0447559 0.293938 0.0626008 0.00656841 0.1509 1e-030 1e-030 
1e-030 1e-030 1e-030 1e-030 0.0357458 0.0327295 1e-030 8.99734e-006 1e-030 0.00577003 0.00169413 0.0256463 1e-030 1e-030 1e-030 1e-030 1e-030 0.00842057 1e-030 0.0383885 0.0629062 0.00842802 0.0965223 0.18129 0.0296901 0.023294 0.0333197 0.00592524 0.0689858 0.341234 1e-030 1e-030 
1e-030 0.0435801 1e-030 1e-030 0.0464449 0.145683 1e-030 1e-030 0.021205 0.0614403 0.0345238 0.0263849 1e-030 1e-030 1e-030 1e-030 0.014652 1e-030 1e-030 0.00850507 0.0937066 0.00431849 0.0025641 0.0768531 0.0030303 0.0587549 0.224386 0.0278722 0.00224424 0.145669 0.0127467 0.0331885 
1 0 0 0 0 
0.736619 0.263381 0 0 0 
0 0.71373 0.28627 0 0 
0 0 0.498528 0.501472 0 
0 0 0 0.795608 0.204392 
0 0 0 0 1 
1e-030 1e-030 1e-030 1e-030 1e-030 1e-030 1e-030 1e-030 0.225637 0.228761 0.224102 0.214918 1e-030 1e-030 1e-030 1e-030 1e-030 1e-030 1e-030 0.0028555 0.0536305 0.00842985 0.00833333 0.0133333 1e-030 1e-030 0.00666667 0.0133333 1e-030 1e-030 1e-030 1e-030 
1e-030 1e-030 1e-030 1e-030 1e-030 1e-030 1e-030 1e-030 0.136959 0.0845543 0.21998 0.138518 1e-030 1e-030 1e-030 1e-030 1e-030 1e-030 0.0333333 0.057319 0.046432 1e-030 2.25583e-015 0.0132847 1e-030 1e-030 0.00524165 0.25306 1e-030 0.011318 1e-030 1e-030 
1e-030 1e-030 1e-030 1e-030 1e-030 1e-030 1e-030 1e-030 0.134276 0.0142857 1e-030 0.0694523 1e-030 1e-030 1e-030 1e-030 1e-030 1e-030 0.0320259 0.214273 0.121226 0.00669118 0.0510745 0.115618 1e-030 1e-030 0.026699 0.15654 0.0111111 0.0467281 1e-030 1e-030 
1e-030 1e-030 1e-030 1e-030 1e-030 1e-030 1e-030 1e-030 1e-030 1e-030 1e-030 1e-030 1e-030 1e-030 1e-030 1e-030 0.00277778 0.00277778 0.149122 0.154867 0.0148148 1e-030 0.0153212 0.179705 1e-030 1e-030 0.0781472 0.357688 0.00546423 0.0393138 1e-030 1e-030 
1e-030 1e-030 1e-030 1e-030 1e-030 1e-030 1e-030 1e-030 0.028227 0.0721017 0.0735586 0.0636228 1e-030 1e-030 1e-030 0.00151515 0.00323486 0.00805653 0.250394 0.196394 0.0988731 0.00175439 0.181418 0.0626627 1e-030 1e-030 0.00489776 0.00786662 0.00326384 0.0161359 1e-030 1e-030 
1 0 0 0 0 
0.813482 0.186518 0 0 0 
0 0.582537 0.417463 0 0 
0 0 0.738674 0.261326 0 
0 0 0 0.873613 0.126387 
0 0 0 0 1 
1e-030 1e-030 1e-030 1e-030 1e-030 1e-030 1e-030 1e-030 0.450801 0.153098 0.222712 0.152073 1e-030 1e-030 1e-030 1e-030 1e-030 1e-030 1e-030 1e-030 0.0213163 1e-030 1e-030 1e-030 1e-030 1e-030 1e-030 1e-030 1e-030 1e-030 1e-030 1e-030 
1e-030 1e-030 1e-030 1e-030 1e-030 0.0509967 1e-030 1e-030 0.185943 0.0505146 0.238137 0.2225 0.041268 4.5379e-028 0.210641 1e-030 1e-030 1e-030 1e-030 1e-030 1e-030 1e-030 1e-030 1e-030 1e-030 1e-030 1e-030 1e-030 1e-030 1e-030 1e-030 1e-030 
1e-030 0.00555572 1e-030 1e-030 0.0190476 0.0687769 1e-030 1e-030 0.0341127 0.0272195 0.0277778 0.0111111 0.126405 0.0723 0.528738 0.0188889 0.0333333 1e-030 1e-030 1e-030 0.0242459 1e-030 1e-030 1e-030 0.00248767 1e-030 1e-030 1e-030 1e-030 1e-030 1e-030 1e-030 
0.0198036 0.141536 1e-030 1e-030 0.496356 0.047681 1e-030 1e-030 1e-030 0.00781789 0.00810212 1e-030 0.00615971 2.78423e-012 0.0030507 0.013583 1e-030 1e-030 1e-030 1e-030 0.0393873 0.139977 0.018247 1e-030 0.053536 0.0047619 1e-030 1e-030 1e-030 1e-030 1e-030 1e-030 
1e-030 1e-030 1e-030 1e-030 1e-030 0.00222222 0.176699 0.107077 0.13365 0.0763195 0.153686 0.102952 0.0164622 0.0857744 0.0064681 0.00838615 1e-030 1e-030 1e-030 1e-030 0.105655 0.0337984 0.046398 1e-030 0.0125757 1e-030 1e-030 1e-030 0.00222222 1e-030 1e-030 1e-030 
1 0 0 0 0 
0.795909 0.204091 0 0 0 
0 0.794009 0.205991 0 0 
0 0 0.770339 0.229661 0 
0 0 0 0.895494 0.104506 
0 0 0 0 1 
1e-030 1e-030 1e-030 1e-030 0.0111111 1e-030 1e-030 1e-030 0.233717 0.173462 0.269929 0.249474 0.00676919 1e-030 7.89185e-017 1e-030 1e-030 1e-030 1e-030 1e-030 0.0555384 1e-030 1e-030 1e-030 1e-030 1e-030 1e-030 1e-030 1e-030 1e-030 1e-030 1e-030 
1e-030 1e-030 1e-030 1e-030 1e-030 1e-030 0.0196365 0.00196045 0.0958088 0.070959 0.0523541 0.0657252 0.294629 0.0577387 0.306782 0.00628466 1e-030 1e-030 1e-030 1e-030 0.0281214 1e-030 1e-030 1e-030 1e-030 1e-030 1e-030 1e-030 1e-030 1e-030 1e-030 1e-030 
1e-030 1e-030 1e-030 1e-030 1e-030 1e-030 0.0460853 0.00947742 0.154776 0.1427 0.236203 0.142303 0.0554476 0.0288701 0.0318361 1e-030 1e-030 1e-030 1e-030 0.0086266 0.0356251 1e-030 0.0224862 0.00666667 0.0138889 1e-030 1e-030 1e-030 0.0380798 0.0158176 0.0111111 1e-030 
1e-030 1e-030 1e-030 1e-030 1e-030 1e-030 1e-030 4.12939e-024 1e-030 1e-030 5.44619e-030 0.00374954 1e-030 5.14946e-017 1e-030 2.4791e-012 1e-030 1e-030 0.00416667 0.0175962 1e-030 1e-030 0.00534678 1.23929e-027 1e-030 1e-030 1e-030 0.014697 0.148909 1.00774e-030 0.462574 0.342962 
1e-030 1e-030 1e-030 1e-030 1e-030 0.00452489 0.0328967 0.319558 0.0542289 0.075124 0.114325 0.078552 1e-030 0.0761799 1e-030 0.0104468 1e-030 0.00222222 0.00277778 0.0399129 0.069128 0.0126374 0.0944954 0.00981962 1e-030 1e-030 1e-030 0.00690988 0.0556471 1e-030 1e-030 0.0216015 
1 0 0 0 0 
0.799666 0.200334 0 0 0 
0 0.684649 0.315351 0 0 
0 0 0.572795 0.427205 0 
0 0 0 0.883541 0.116459 
0 0 0 0 1 
1e-030 1e-030 1e-030 1e-030 1e-030 1e-030 1e-030 1e-030 0.538267 0.208728 0.117643 0.112914 1e-030 1e-030 1e-030 1e-030 1e-030 1e-030 1e-030 1e-030 0.0224489 1e-030 6.81298e-028 1e-030 1e-030 1e-030 1e-030 1e-030 1e-030 1e-030 1e-030 1e-030 
1e-030 0.0166667 1e-030 1e-030 1e-030 0.00175592 1e-030 1e-030 0.111588 0.0457088 0.047681 0.0747317 1e-030 1e-030 1e-030 1e-030 1e-030 1e-030 0.0111111 0.403975 0.138579 5.4936e-013 0.141537 0.00666664 1e-030 1e-030 1e-030 1e-030 1e-030 1e-030 1e-030 1e-030 
1e-030 0.166751 0.0160509 0.0673662 1e-030 0.0435595 0.0610606 1e-030 0.0042052 1e-030 0.0736777 2.99203e-023 1e-030 1e-030 1e-030 1e-030 1e-030 1e-030 1e-030 0.245748 0.083665 0.158685 0.0658969 0.0133334 1e-030 1e-030 1e-030 1e-030 1e-030 1e-030 1e-030 1e-030 
0.00441155 0.221604 0.101158 0.478253 0.0606985 0.0987558 1e-030 1e-030 1e-030 1e-030 0.000168192 0.00392345 1e-030 1e-030 1e-030 1e-030 0.00509714 1e-030 0.00333333 1e-030 0.00440009 2.33101e-026 1e-030 1e-030 0.0126054 0.00267914 0.00291123 1e-030 1e-030 1e-030 1e-030 1e-030 
1e-030 0.100469 1e-030 1e-030 0.126156 0.0832317 1e-030 1e-030 0.101314 0.0751835 0.0615571 0.0750684 1e-030 1e-030 1e-030 1e-030 0.0030303 1e-030 0.00166667 0.0017965 0.260713 0.113749 0.0492292 1e-030 0.0106747 1e-030 0.00183241 1e-030 1e-030 1e-030 1e-030 1e-030 
1 0 0 0 0 
0.740224 0.259776 0 0 0 
0 0.775724 0.224276 0 0 
0 0 0.7705 0.2295 0 
0 0 0 0.8775 0.1225 
0 0 0 0 1 
0.00830273 0.0053043 1e-030 0.0117466 1e-030 1e-030 1e-030 1e-030 0.289213 0.132997 0.192551 0.131343 1e-030 1e-030 1e-030 1e-030 0.0936542 0.0522384 0.0288584 1e-030 0.0454575 1e-030 0.00833333 1e-030 1e-030 1e-030 1e-030 1e-030 1e-030 1e-030 1e-030 1e-030 
1.29003e-006 0.0327489 1e-030 0.038219 0.0082251 0.0167717 1e-030 1e-030 0.192827 0.0656166 0.081928 0.0483154 0.0128725 1e-030 1e-030 1e-030 0.311351 0.0443569 0.0450736 1e-030 0.0891941 0.0124992 2.24962e-023 1e-030 1e-030 1e-030 1e-030 1e-030 1e-030 1e-030 1e-030 1e-030 
1e-030 0.0608178 1e-030 0.0205489 0.0230534 0.0535674 1e-030 1e-030 0.0330964 0.0256311 7.67638e-020 0.00485041 1e-030 1e-030 1e-030 1e-030 0.215712 0.199376 0.190094 1e-030 0.115539 0.00986636 0.0255732 1e-030 0.00404901 1e-030 1e-030 1e-030 0.0182246 1e-030 1e-030 1e-030 
0.0396002 0.148211 1e-030 0.00400523 0.326511 2.38053e-006 1e-030 1e-030 0.0037037 0.00243453 1e-030 0.00816429 1e-030 1e-030 1e-030 1e-030 0.135117 0.0404144 0.106405 1e-030 0.0866135 0.0524556 0.0118831 1e-030 0.00886758 0.00833333 1e-030 1e-030 0.0172783 1e-030 1e-030 1e-030 
0.00277796 0.0320416 1e-030 1e-030 0.108853 0.00453784 1e-030 1e-030 0.143958 0.22169 0.14423 0.169697 1e-030 1e-030 1e-030 1e-030 0.037062 1e-030 0.00532849 1e-030 0.202158 0.00196078 1e-030 1e-030 1e-030 1e-030 1e-030 1e-030 0.00196078 1e-030 1e-030 1e-030 
1 0 0 0 0 
0.765108 0.234892 0 0 0 
0 0.621921 0.378079 0 0 
0 0 0.770721 0.229279 0 
0 0 0 0.875374 0.124626 
0 0 0 0 1 
1e-030 1e-030 1e-030 1e-030 1e-030 1e-030 1e-030 1e-030 0.345338 0.191523 0.273141 0.175184 1e-030 1e-030 1e-030 1e-030 1e-030 1e-030 1e-030 1e-030 0.0148148 1e-030 1e-030 1e-030 1e-030 1e-030 1e-030 1e-030 1e-030 1e-030 1e-030 1e-030 
1e-030 1e-030 1e-030 1e-030 0.00416193 1e-030 1e-030 1e-030 0.117947 0.197498 0.114558 0.216029 1e-030 0.00303027 1e-030 1e-030 1e-030 1e-030 0.00821668 0.13028 0.146746 1e-030 0.0615326 1e-030 1e-030 1e-030 1e-030 1e-030 1e-030 1e-030 1e-030 1e-030 
1e-030 0.00829928 0.00416262 7.25863e-021 6.46164e-005 3.24116e-005 1e-030 1e-030 0.0055556 2.99703e-019 8.20108e-014 0.00123 1e-030 0.00303033 1e-030 1e-030 0.131124 0.12384 0.0771594 0.558805 0.000136195 1e-030 0.0671162 1e-030 1e-030 1e-030 1e-030 1e-030 0.0194444 1e-030 1e-030 1e-030 
1e-030 0.0325775 0.0328893 0.0449319 0.0162836 0.0208738 1e-030 1e-030 7.72269e-017 1e-030 0.00846561 1e-030 1e-030 1e-030 1e-030 1e-030 0.378405 0.113526 0.0331094 0.0098238 0.013416 0.222223 1e-030 0.0734747 1e-030 1e-030 1e-030 1e-030 1e-030 1e-030 1e-030 1e-030 
1e-030 1e-030 1e-030 1e-030 1e-030 0.0133915 0.00208333 1e-030 0.0503246 0.138825 0.113323 0.0522259 1e-030 1e-030 1e-030 1e-030 1e-030 1e-030 0.0334362 0.126501 0.158091 0.0886856 0.217407 0.0721977 1e-030 1e-030 1e-030 1e-030 1e-030 1e-030 1e-030 1e-030 
