4.118759  2.438150  1.142623  -0.422737  -0.802726  -1.812746  -2.344629  -1.323459  -0.723416  -0.416422  -0.002176  -0.020779
4.345669  2.537389  1.134949  -0.102534  -0.115570  -1.019017  -0.970366  -0.184461  0.087523  0.007556  0.181911  0.008913
4.460402  2.770586  2.336393  1.097548  2.456703  -0.547600  -2.210225  -1.393686  -0.596711  -0.429282  -0.195746  -0.099471
4.024877  2.755549  1.962931  0.990720  0.915955  -0.301099  -1.197114  -0.906077  -0.653180  -0.521237  0.023917  -0.017304
4.525184  2.329057  0.420254  -1.049476  -0.239740  -0.131204  -0.284311  0.050389  0.004329  -0.118218  0.240145  0.016616
4.372573  1.627689  0.255669  -0.601045  1.498045  -0.109947  -0.701140  0.474798  0.475039  -0.154771  0.202912  0.018655
0.208154  -1.965029  1.388678  1.697277  0.325207  -1.156351  0.228216  0.902000  0.801395  -0.626859  0.051984  0.060080
-0.420678  -2.194701  0.143111  1.097646  1.190436  0.045779  0.687452  0.732980  0.532706  -0.518663  0.173374  0.036913
1.328799  0.550917  1.395722  -0.238581  -0.302890  -0.388117  0.314747  -0.011052  -0.030335  -0.239928  0.035133  0.020581
1.381180  0.581122  1.509629  -0.170783  -0.225060  -0.030710  1.002788  0.193439  0.041639  -0.136995  0.075324  0.022634
1.388478  0.571783  1.439780  -0.127000  -0.006236  -0.394281  0.515025  0.581114  0.307390  -0.129729  0.082677  0.029089
1.355093  0.568836  1.507724  -0.027537  -0.284221  -0.096237  0.649315  -0.001221  0.503090  -0.165335  0.061657  0.035640
-0.931063  -0.137437  3.526883  -0.539581  -1.438724  0.467331  0.669731  0.161865  0.419130  -0.146117  0.121459  -0.032901
-0.588508  -1.012851  3.004217  1.232725  -1.179023  -0.478631  1.207861  0.880293  0.100045  -0.383414  0.310980  -0.023685
-1.261757  0.323014  3.576444  -1.645512  -0.250371  0.506001  -0.195511  0.407660  0.739053  -0.559427  0.200537  -0.008185
-1.285797  1.192931  3.908091  -0.568065  -0.079555  1.048280  0.928844  1.358170  0.647551  -0.509890  0.385178  -0.075327
3.439624  2.685737  2.555839  1.440552  1.270476  0.539698  0.146822  -0.422794  -0.277245  -0.242377  0.088201  -0.009087
3.735981  2.993498  2.529045  2.041237  2.396679  1.728710  0.903811  -0.362324  -0.314205  -0.357038  0.153826  -0.002578
3.053884  2.665923  2.524418  1.889524  1.631849  1.226863  1.095303  0.417463  0.558576  0.240859  0.322187  0.038952
2.684379  2.056272  2.343622  1.624084  1.709621  1.385609  1.468619  1.081855  0.920468  0.318366  0.262366  0.045935
1.955001  1.057358  1.969322  0.231471  0.362653  0.176866  1.041400  0.518845  0.529342  0.026815  0.146697  0.021607
3.966695  2.465049  1.388138  -0.591385  -0.391017  -0.080518  1.005263  1.008621  0.960575  0.226408  0.136797  -0.033621
2.039528  1.391062  2.470603  0.776926  0.883079  0.833126  1.759016  0.880333  0.765505  0.112163  0.232470  0.021285
3.022291  1.838349  1.333807  0.588016  1.386569  1.963207  2.170159  1.528327  1.191895  0.155087  0.052445  0.000309
3.774908  1.138517  0.413634  -1.436039  0.516729  2.026574  0.918723  0.822054  0.129335  -0.251970  0.035161  -0.088237
4.346656  0.592238  -0.765237  -1.305740  2.271673  1.655318  1.256075  1.739160  -0.019237  -0.488888  -0.137485  -0.083984
3.272262  1.238738  0.027756  -0.074306  3.049361  2.611923  1.623087  1.601269  1.648984  -0.509763  -0.048451  -0.022896
2.969570  0.717379  0.521552  0.782225  3.622898  2.184444  1.087953  0.887665  1.873643  0.311859  -0.158379  -0.041717
2.911824  1.632869  1.286698  1.084896  2.490800  2.277468  1.759905  0.808474  0.272932  0.007618  0.331059  0.072746
3.261378  1.758755  0.647145  0.020387  1.647986  2.800436  2.855928  1.892961  0.836404  -0.159004  0.050178  0.020829
3.054136  0.848799  -0.795632  0.341343  3.990741  4.130820  2.002493  0.492520  0.112482  0.110463  0.376997  0.101465
2.559964  0.776078  -0.097574  0.522856  4.598926  3.437083  1.022493  0.926773  0.521876  0.414974  0.435484  0.012225
